"x"
0.863
0.747
0.641
0.579
0.528
0.497
0.471
0.452
0.432
0.414
0.398
0.379
0.361
0.346
0.334
0.321
0.313
0.307
0.3
0.292
0.281
0.268
0.257
0.247
0.239
0.234
0.225
0.216
0.207
0.199
0.19
0.186
0.181
0.176
0.171
0.165
0.159
0.153
0.146
0.136
0.128
0.12
0.116
0.111
0.105
0.098
0.091
0.085
0.079
0.074
0.066
0.06
0.056
0.051
0.047
0.043
0.04
0.038
0.035
0.032
0.031
0.029
0.028
0.026
0.025
0.024
0.023
0.022
0.02
0.019
0.018
0.016
0.015
0.013
0.012
0.012
0.011
0.011
0.01
0.009
0.008
0.007
0.007
0.006
0.006
0.005
0.004
0.004
0.003
0.003
0.002
0.002
0.002
0.002
0.002
0.001
0.001
0
0
